5 0.62 0.07357142857142857 0.075 0.09857142857142857
5 0.3575 0.07928571428571428 0.0925 0.09857142857142857
5 0.67 0.20642857142857143 0.08 0.10428571428571429
5 0.48875 0.29642857142857143 0.0775 0.11
5 0.35875 0.26 0.0675 0.08571428571428572
5 0.74375 0.4142857142857143 0.085 0.08857142857142856
5 0.80875 0.6 0.0825 0.11571428571428571
5 0.6575 0.7828571428571428 0.0825 0.08714285714285715
5 0.55125 0.7364285714285714 0.09 0.09428571428571429
5 0.29625 0.4007142857142857 0.08 0.08285714285714285
5 0.28 0.7064285714285714 0.0825 0.06571428571428571