5 0.37375 0.06428571428571428 0.12 0.09428571428571429
5 0.6775 0.04642857142857143 0.0975 0.07142857142857142
5 0.545 0.06642857142857143 0.1025 0.07714285714285714
5 0.58 0.15428571428571428 0.0975 0.06142857142857143
5 0.625 0.21285714285714286 0.095 0.06428571428571428
5 0.3825 0.3 0.0825 0.07428571428571429
5 0.57875 0.36 0.105 0.055714285714285716
5 0.28875 0.42 0.1325 0.06571428571428571
5 0.24625 0.5885714285714285 0.075 0.10571428571428572
5 0.71 0.4614285714285714 0.1075 0.07857142857142857
5 0.54125 0.5757142857142857 0.085 0.06857142857142857
5 0.32625 0.7642857142857142 0.08 0.07428571428571429
5 0.28875 0.8357142857142857 0.0675 0.07714285714285714