5 0.6675 0.05142857142857143 0.115 0.07571428571428572
5 0.36 0.075 0.1025 0.09
5 0.73375 0.1657142857142857 0.08 0.09285714285714286
5 0.7525 0.30714285714285716 0.0525 0.08714285714285715
5 0.25 0.29428571428571426 0.0675 0.047142857142857146
5 0.445 0.37642857142857145 0.0725 0.10428571428571429
5 0.6025 0.3678571428571429 0.0725 0.06857142857142857
5 0.72375 0.4607142857142857 0.0775 0.06428571428571428
5 0.175 0.5835714285714285 0.07 0.13142857142857142
5 0.31 0.5771428571428572 0.0825 0.06714285714285714
5 0.57125 0.6064285714285714 0.095 0.09571428571428571
5 0.73875 0.62 0.0525 0.13285714285714287
5 0.265 0.765 0.0525 0.08857142857142856
5 0.375 0.835 0.055 0.06571428571428571