4 0.3975 0.045 0.06 0.03571428571428571
4 0.45375 0.04357142857142857 0.05 0.03857142857142857
4 0.565 0.06928571428571428 0.0525 0.032857142857142856
4 0.62375 0.03214285714285714 0.0425 0.025714285714285714
4 0.68125 0.041428571428571426 0.0475 0.024285714285714285
4 0.3825 0.12857142857142856 0.0575 0.041428571428571426
4 0.3625 0.19642857142857142 0.065 0.037142857142857144
4 0.55375 0.22142857142857142 0.055 0.041428571428571426
4 0.7425 0.1492857142857143 0.045 0.03
4 0.435 0.295 0.0625 0.03857142857142857
4 0.68125 0.34 0.055 0.03428571428571429
4 0.25625 0.3271428571428571 0.0475 0.04
4 0.255 0.4928571428571429 0.05 0.03142857142857143
4 0.18375 0.61 0.0375 0.024285714285714285
4 0.1925 0.6707142857142857 0.045 0.03857142857142857
4 0.445 0.7364285714285714 0.06 0.03428571428571429