4 0.56375 0.22428571428571428 0.0725 0.05142857142857143
4 0.67625 0.19071428571428573 0.0575 0.037142857142857144
4 0.735 0.15785714285714286 0.0525 0.03428571428571429
4 0.35 0.18857142857142858 0.075 0.05
4 0.4375 0.29285714285714287 0.08 0.05
4 0.67625 0.3385714285714286 0.0725 0.04428571428571428
4 0.25125 0.4992857142857143 0.06 0.047142857142857146
4 0.2325 0.3271428571428571 0.0575 0.03571428571428571
4 0.1575 0.6171428571428571 0.0525 0.03571428571428571
4 0.1625 0.6907142857142857 0.0525 0.04428571428571428
4 0.2275 0.8092857142857143 0.0575 0.04285714285714286
4 0.44625 0.7435714285714285 0.065 0.03857142857142857
4 0.57 0.06 0.075 0.03428571428571429
4 0.665 0.04 0.07 0.03142857142857143
4 0.57 0.027142857142857142 0.075 0.022857142857142857
4 0.385 0.03357142857142857 0.0825 0.03857142857142857