5 0.3825 0.09 0.0875 0.15
5 0.56375 0.105 0.0975 0.11
5 0.68125 0.05142857142857143 0.08 0.07571428571428572
5 0.54625 0.18428571428571427 0.1575 0.07571428571428572
5 0.48125 0.09571428571428571 0.1275 0.09571428571428571
5 0.25625 0.29 0.0775 0.055714285714285716
5 0.38375 0.3464285714285714 0.0675 0.08142857142857143
5 0.45625 0.40285714285714286 0.0725 0.06285714285714286
5 0.5825 0.4164285714285714 0.0625 0.06285714285714286
5 0.72375 0.4564285714285714 0.065 0.06571428571428571
5 0.2775 0.46714285714285714 0.0775 0.08428571428571428
5 0.23375 0.6664285714285715 0.05 0.10571428571428572
5 0.3125 0.87 0.06 0.12571428571428572