4 0.38875 0.03571428571428571 0.085 0.04285714285714286
4 0.5675 0.06785714285714285 0.0875 0.045714285714285714
4 0.5675 0.029285714285714286 0.08 0.024285714285714285
4 0.67125 0.045 0.0825 0.037142857142857144
4 0.345 0.18571428571428572 0.0775 0.04428571428571428
4 0.56 0.225 0.0825 0.05
4 0.67625 0.24928571428571428 0.065 0.03571428571428571
4 0.7325 0.15642857142857142 0.0575 0.04857142857142857
4 0.42625 0.2907142857142857 0.07 0.047142857142857146
4 0.255 0.5014285714285714 0.08 0.05142857142857143
4 0.235 0.325 0.045 0.02857142857142857
4 0.16 0.62 0.0525 0.03428571428571429
4 0.16375 0.685 0.055 0.04
4 0.22875 0.81 0.085 0.05285714285714286
4 0.445 0.7457142857142857 0.0675 0.04
4 0.6825 0.33714285714285713 0.065 0.041428571428571426