4 0.3875 0.04071428571428572 0.06 0.047142857142857146
4 0.435 0.03642857142857143 0.0675 0.04285714285714286
4 0.60875 0.029285714285714286 0.045 0.014285714285714285
4 0.71125 0.045 0.0425 0.03142857142857143
4 0.54125 0.10357142857142858 0.0775 0.04285714285714286
4 0.41625 0.16642857142857143 0.0725 0.04
4 0.2825 0.21785714285714286 0.065 0.04285714285714286
4 0.74 0.15642857142857142 0.0575 0.041428571428571426
4 0.17625 0.6114285714285714 0.05 0.03428571428571429
4 0.38125 0.31142857142857144 0.07 0.05
4 0.24 0.325 0.045 0.02857142857142857
4 0.635 0.04642857142857143 0.045 0.018571428571428572