5 0.36875 0.07214285714285715 0.0675 0.1
5 0.635 0.07714285714285714 0.125 0.11
5 0.69 0.20714285714285716 0.095 0.09857142857142857
5 0.48875 0.2057142857142857 0.095 0.12
5 0.50375 0.3171428571428571 0.1475 0.08428571428571428
5 0.3275 0.4 0.0525 0.11285714285714285
5 0.74375 0.41928571428571426 0.0775 0.08142857142857143
5 0.8075 0.6342857142857142 0.0625 0.08428571428571428
5 0.28625 0.7057142857142857 0.065 0.08857142857142856
5 0.55125 0.7407142857142858 0.075 0.08142857142857143
5 0.65375 0.8035714285714286 0.0875 0.09