4 0.39375 0.045714285714285714 0.0675 0.045714285714285714
4 0.46125 0.03571428571428571 0.065 0.04428571428571428
4 0.555 0.06571428571428571 0.055 0.027142857142857142
4 0.68375 0.039285714285714285 0.045 0.03428571428571429
4 0.555 0.22357142857142856 0.06 0.047142857142857146
4 0.35375 0.2007142857142857 0.055 0.032857142857142856
4 0.73625 0.15428571428571428 0.065 0.047142857142857146
4 0.24375 0.32785714285714285 0.05 0.037142857142857144
4 0.18625 0.6092857142857143 0.055 0.041428571428571426
4 0.20875 0.7157142857142857 0.06 0.041428571428571426
4 0.62625 0.03 0.0325 0.02142857142857143