5 0.3675 0.07642857142857143 0.105 0.08
5 0.66125 0.04928571428571429 0.1075 0.07571428571428572
5 0.73125 0.16214285714285714 0.0725 0.09285714285714286
5 0.25625 0.28714285714285714 0.0575 0.06428571428571428
5 0.29625 0.38785714285714284 0.1025 0.06857142857142857
5 0.43875 0.3942857142857143 0.0625 0.09285714285714286
5 0.755 0.3171428571428571 0.045 0.1
5 0.72625 0.4635714285714286 0.07 0.07
5 0.1825 0.5878571428571429 0.08 0.12571428571428572
5 0.31875 0.5885714285714285 0.0825 0.055714285714285716
5 0.575 0.6171428571428571 0.07 0.09571428571428571
5 0.74125 0.6328571428571429 0.045 0.12428571428571429
5 0.26375 0.7728571428571429 0.05 0.08428571428571428
5 0.38375 0.85 0.055 0.05714285714285714