5 0.37625 0.09428571428571429 0.1 0.15142857142857144
5 0.48 0.11357142857142857 0.125 0.09285714285714286
5 0.57125 0.1 0.095 0.12
5 0.67875 0.04928571428571429 0.0675 0.07142857142857142
5 0.54375 0.18 0.1775 0.06857142857142857
5 0.26375 0.2957142857142857 0.0675 0.054285714285714284
5 0.38 0.33714285714285713 0.065 0.06285714285714286
5 0.4625 0.40214285714285714 0.0675 0.06857142857142857
5 0.725 0.46714285714285714 0.055 0.06285714285714286
5 0.28375 0.4714285714285714 0.065 0.07857142857142857
5 0.23875 0.6664285714285715 0.06 0.10857142857142857