4 0.38625 0.04 0.0575 0.041428571428571426
4 0.435 0.030714285714285715 0.06 0.037142857142857144
4 0.5525 0.06428571428571428 0.075 0.03857142857142857
4 0.6075 0.029285714285714286 0.045 0.024285714285714285
4 0.675 0.04 0.0525 0.03571428571428571
4 0.35875 0.19357142857142856 0.0825 0.06142857142857143
4 0.55 0.22142857142857142 0.0625 0.037142857142857144
4 0.73875 0.14857142857142858 0.0425 0.025714285714285714
4 0.42375 0.2914285714285714 0.065 0.041428571428571426
4 0.23875 0.32142857142857145 0.0525 0.037142857142857144
4 0.175 0.61 0.0425 0.037142857142857144