5 0.37375 0.060714285714285714 0.095 0.08571428571428572
5 0.56375 0.06285714285714286 0.085 0.07
5 0.675 0.04928571428571429 0.0825 0.08428571428571428
5 0.58 0.16428571428571428 0.085 0.07857142857142857
5 0.63 0.23857142857142857 0.0775 0.07714285714285714
5 0.37125 0.3092857142857143 0.0925 0.07571428571428572
5 0.25625 0.2957142857142857 0.08 0.06
5 0.585 0.3692857142857143 0.0675 0.07142857142857142
5 0.27375 0.42928571428571427 0.115 0.08714285714285715
5 0.725 0.4714285714285714 0.0875 0.06142857142857143
5 0.26125 0.575 0.15 0.1457142857142857
5 0.5625 0.5828571428571429 0.0675 0.08142857142857143
5 0.3275 0.7642857142857142 0.0875 0.08