4 0.425 0.13 0.09 0.03857142857142857
4 0.5425 0.10142857142857142 0.0725 0.04
4 0.38375 0.04214285714285714 0.065 0.03428571428571429
4 0.43875 0.039285714285714285 0.0725 0.037142857142857144
4 0.6075 0.03 0.0525 0.014285714285714285
4 0.70875 0.047142857142857146 0.05 0.03428571428571429
4 0.73375 0.15357142857142858 0.05 0.03142857142857143
4 0.28125 0.22142857142857142 0.08 0.04428571428571428
4 0.23875 0.32785714285714285 0.0575 0.03428571428571429
4 0.3775 0.31142857142857144 0.08 0.045714285714285714
4 0.175 0.6107142857142858 0.055 0.03
4 0.63375 0.04071428571428572 0.045 0.017142857142857144