4 0.3625 0.04357142857142857 0.0625 0.03857142857142857
4 0.42625 0.037142857142857144 0.0675 0.03428571428571429
4 0.5925 0.029285714285714286 0.0625 0.024285714285714285
4 0.4425 0.245 0.0675 0.04857142857142857
4 0.72 0.24857142857142858 0.055 0.03857142857142857
4 0.7075 0.14714285714285713 0.065 0.04428571428571428
4 0.4575 0.3314285714285714 0.065 0.04
4 0.33 0.32357142857142857 0.0875 0.04
4 0.36375 0.4107142857142857 0.07 0.05142857142857143
4 0.58125 0.37642857142857145 0.0675 0.04
4 0.21375 0.3292857142857143 0.0525 0.037142857142857144
4 0.15625 0.6078571428571429 0.0475 0.04428571428571428