5 0.37625 0.075 0.095 0.11428571428571428
5 0.5525 0.07714285714285714 0.085 0.09285714285714286
5 0.67625 0.045 0.08 0.07714285714285714
5 0.58 0.1657142857142857 0.095 0.07571428571428572
5 0.2425 0.29214285714285715 0.0625 0.05285714285714286
5 0.3725 0.30857142857142855 0.0675 0.05714285714285714
5 0.50875 0.3992857142857143 0.0675 0.07
5 0.56375 0.3792857142857143 0.06 0.06857142857142857
5 0.26125 0.44142857142857145 0.0725 0.07
5 0.71375 0.4592857142857143 0.0725 0.06428571428571428
5 0.54625 0.5892857142857143 0.045 0.05
5 0.2175 0.6121428571428571 0.0625 0.12428571428571429
5 0.30625 0.7785714285714286 0.0475 0.05
5 0.29625 0.8514285714285714 0.0725 0.06428571428571428