4 0.38375 0.04 0.0525 0.03571428571428571
4 0.43375 0.03785714285714286 0.0625 0.03857142857142857
4 0.5525 0.06857142857142857 0.075 0.04
4 0.61125 0.030714285714285715 0.05 0.025714285714285714
4 0.675 0.045 0.045 0.041428571428571426
4 0.73375 0.15285714285714286 0.05 0.041428571428571426
4 0.5475 0.22642857142857142 0.08 0.05714285714285714
4 0.3525 0.19214285714285714 0.06 0.032857142857142856
4 0.41 0.16 0.065 0.04428571428571428
4 0.24 0.32785714285714285 0.0475 0.03142857142857143
4 0.42875 0.2907142857142857 0.0525 0.04
4 0.1725 0.6135714285714285 0.0375 0.03142857142857143