5 0.70375 0.04928571428571429 0.07 0.06857142857142857
5 0.39125 0.07285714285714286 0.105 0.08428571428571428
5 0.28375 0.2935714285714286 0.0775 0.055714285714285716
5 0.76375 0.16214285714285714 0.085 0.07857142857142857
5 0.78625 0.3342857142857143 0.05 0.05714285714285714
5 0.47125 0.4057142857142857 0.06 0.08571428571428572
5 0.74875 0.4642857142857143 0.085 0.06142857142857143
5 0.195 0.5892857142857143 0.0575 0.12571428571428572
5 0.2425 0.6842857142857143 0.0775 0.11857142857142858
5 0.28625 0.7971428571428572 0.0525 0.06571428571428571
5 0.76625 0.6364285714285715 0.05 0.14857142857142858