4 0.4025 0.045714285714285714 0.0575 0.03571428571428571
4 0.46 0.03357142857142857 0.0525 0.024285714285714285
4 0.62625 0.029285714285714286 0.0275 0.012857142857142857
4 0.71625 0.04428571428571428 0.05 0.025714285714285714
4 0.55 0.09857142857142857 0.0675 0.041428571428571426
4 0.295 0.215 0.0625 0.03857142857142857
4 0.74375 0.15214285714285714 0.0475 0.02857142857142857
4 0.25375 0.32285714285714284 0.0375 0.041428571428571426
4 0.3975 0.31142857142857144 0.0625 0.041428571428571426
4 0.3925 0.49214285714285716 0.065 0.037142857142857144
4 0.195 0.6 0.045 0.032857142857142856
4 0.2025 0.68 0.06 0.04285714285714286
4 0.3925 0.6128571428571429 0.07 0.04428571428571428
4 0.565 0.5935714285714285 0.07 0.037142857142857144
4 0.49125 0.7371428571428571 0.0625 0.03142857142857143
4 0.35 0.7971428571428572 0.065 0.03857142857142857
4 0.6475 0.04357142857142857 0.04 0.015714285714285715