4 0.69625 0.047142857142857146 0.0525 0.037142857142857144
4 0.59625 0.030714285714285715 0.0425 0.022857142857142857
4 0.4325 0.03642857142857143 0.0625 0.02857142857142857
4 0.3675 0.04071428571428572 0.0625 0.04
4 0.52875 0.10214285714285715 0.07 0.041428571428571426
4 0.27 0.21928571428571428 0.0575 0.03571428571428571
4 0.3675 0.31285714285714283 0.0675 0.041428571428571426
4 0.36125 0.4928571428571429 0.0575 0.027142857142857142
4 0.36625 0.5257142857142857 0.0575 0.03142857142857143
4 0.16625 0.61 0.0375 0.03
4 0.72375 0.155 0.045 0.03
4 0.2275 0.32785714285714285 0.045 0.03142857142857143
4 0.54125 0.5992857142857143 0.07 0.041428571428571426
4 0.365 0.62 0.0625 0.041428571428571426
4 0.46375 0.7414285714285714 0.0525 0.03571428571428571
4 0.32375 0.7992857142857143 0.0575 0.03428571428571429
4 0.62625 0.045 0.0625 0.02142857142857143