5 0.36875 0.07357142857142857 0.095 0.09571428571428571
5 0.66875 0.04928571428571429 0.0975 0.07142857142857142
5 0.7325 0.16642857142857143 0.075 0.08
5 0.255 0.29428571428571426 0.0625 0.06142857142857143
5 0.44375 0.3707142857142857 0.0775 0.09571428571428571
5 0.66875 0.36357142857142855 0.07 0.07142857142857142
5 0.75625 0.305 0.0525 0.08428571428571428
5 0.72875 0.46714285714285714 0.0675 0.06285714285714286
5 0.18125 0.5807142857142857 0.0775 0.13285714285714287
5 0.3125 0.5792857142857143 0.0825 0.06428571428571428
5 0.57625 0.6078571428571429 0.1025 0.10142857142857142
5 0.735 0.6207142857142857 0.0525 0.13714285714285715
5 0.26375 0.7628571428571429 0.05 0.09571428571428571
5 0.37125 0.8371428571428572 0.0625 0.07