5 0.7 0.052142857142857144 0.095 0.07
5 0.39125 0.075 0.1225 0.08428571428571428
5 0.77 0.16142857142857142 0.07 0.08
5 0.29 0.29 0.0675 0.055714285714285716
5 0.46875 0.40214285714285714 0.0625 0.1
5 0.78375 0.3271428571428571 0.055 0.06428571428571428
5 0.75125 0.4642857142857143 0.09 0.05714285714285714
5 0.195 0.5892857142857143 0.0525 0.13
5 0.23625 0.6528571428571428 0.06 0.12142857142857143
5 0.285 0.7878571428571428 0.0425 0.07285714285714286
5 0.76875 0.6364285714285715 0.045 0.14857142857142858