5 0.6725 0.05142857142857143 0.0725 0.06857142857142857
5 0.36375 0.07571428571428572 0.085 0.08571428571428572
5 0.73125 0.15785714285714286 0.085 0.08714285714285715
5 0.26125 0.2914285714285714 0.0675 0.06571428571428571
5 0.44375 0.3757142857142857 0.065 0.10285714285714286
5 0.67125 0.35928571428571426 0.065 0.06571428571428571
5 0.75 0.30714285714285716 0.0475 0.08428571428571428
5 0.72375 0.4685714285714286 0.07 0.045714285714285714
5 0.18 0.5778571428571428 0.0625 0.12571428571428572
5 0.31625 0.5771428571428572 0.085 0.06428571428571428
5 0.565 0.6128571428571429 0.08 0.09714285714285714
5 0.73875 0.6207142857142857 0.0525 0.13714285714285715
5 0.2625 0.7692857142857142 0.0525 0.08428571428571428
5 0.38375 0.8335714285714285 0.085 0.06571428571428571