4 0.3875 0.04071428571428572 0.065 0.037142857142857144
4 0.46625 0.03214285714285714 0.06 0.032857142857142856
4 0.54625 0.1 0.0725 0.04285714285714286
4 0.71 0.03785714285714286 0.055 0.03571428571428571
4 0.28375 0.22285714285714286 0.0575 0.04428571428571428
4 0.7375 0.14857142857142858 0.0525 0.032857142857142856
4 0.23375 0.40214285714285714 0.05 0.04
4 0.18125 0.6057142857142858 0.04 0.037142857142857144
4 0.3825 0.31357142857142856 0.0625 0.047142857142857146
4 0.4775 0.7485714285714286 0.055 0.03571428571428571
4 0.245 0.3264285714285714 0.04 0.025714285714285714