4 0.39875 0.041428571428571426 0.0925 0.04428571428571428
4 0.60125 0.03 0.08 0.017142857142857144
4 0.60125 0.12571428571428572 0.0625 0.03571428571428571
4 0.45375 0.24642857142857144 0.09 0.04857142857142857
4 0.73375 0.15142857142857144 0.0475 0.03571428571428571
4 0.34875 0.3271428571428571 0.085 0.02142857142857143
4 0.47875 0.3292857142857143 0.0625 0.04428571428571428
4 0.37625 0.4085714285714286 0.0725 0.04
4 0.60125 0.37285714285714283 0.0675 0.05142857142857143
4 0.3475 0.5785714285714286 0.055 0.04285714285714286
4 0.165 0.6121428571428571 0.045 0.03
4 0.225 0.32357142857142857 0.0475 0.02857142857142857