4 0.3775 0.045 0.0625 0.04
4 0.4325 0.04 0.0525 0.03571428571428571
4 0.61375 0.037142857142857144 0.0525 0.02857142857142857
4 0.6975 0.04357142857142857 0.0425 0.03142857142857143
4 0.525 0.1 0.065 0.04285714285714286
4 0.27 0.21642857142857144 0.0575 0.037142857142857144
4 0.7225 0.15357142857142858 0.0425 0.02857142857142857
4 0.22625 0.32785714285714285 0.04 0.024285714285714285
4 0.28 0.48928571428571427 0.045 0.03571428571428571
4 0.3675 0.4957142857142857 0.055 0.03571428571428571
4 0.54125 0.5978571428571429 0.0675 0.037142857142857144
4 0.1675 0.605 0.0325 0.03142857142857143
4 0.365 0.6171428571428571 0.0425 0.032857142857142856
4 0.46875 0.7407142857142858 0.0425 0.03
4 0.3275 0.7978571428571428 0.0575 0.03571428571428571
4 0.365 0.3092857142857143 0.0625 0.037142857142857144