4 0.39 0.04 0.06 0.03857142857142857
4 0.44125 0.03214285714285714 0.065 0.032857142857142856
4 0.54125 0.09857142857142857 0.08 0.04857142857142857
4 0.615 0.023571428571428573 0.04 0.024285714285714285
4 0.7175 0.04214285714285714 0.0525 0.032857142857142856
4 0.2825 0.21928571428571428 0.0525 0.04
4 0.7375 0.15357142857142858 0.0525 0.03571428571428571
4 0.23375 0.4042857142857143 0.06 0.037142857142857144
4 0.24375 0.325 0.055 0.037142857142857144
4 0.37875 0.49857142857142855 0.0575 0.03571428571428571
4 0.17875 0.6092857142857143 0.04 0.027142857142857142
4 0.34 0.8078571428571428 0.0525 0.02857142857142857
4 0.485 0.7492857142857143 0.0475 0.03142857142857143
4 0.6375 0.04071428571428572 0.0425 0.018571428571428572
4 0.38625 0.3078571428571429 0.055 0.037142857142857144