4 0.3825 0.04071428571428572 0.06 0.04
4 0.43625 0.03428571428571429 0.0625 0.03857142857142857
4 0.60125 0.025714285714285714 0.05 0.022857142857142857
4 0.67875 0.03571428571428571 0.035 0.025714285714285714
4 0.33875 0.1957142857142857 0.065 0.032857142857142856
4 0.4775 0.24357142857142858 0.06 0.05
4 0.545 0.22071428571428572 0.0725 0.045714285714285714
4 0.7175 0.2507142857142857 0.05 0.03857142857142857
4 0.7275 0.15 0.05 0.04
4 0.17 0.6128571428571429 0.045 0.03428571428571429
4 0.23875 0.32142857142857145 0.0525 0.037142857142857144