5 0.38 0.06428571428571428 0.1475 0.10285714285714286
5 0.61375 0.08 0.075 0.11
5 0.67 0.205 0.1075 0.11142857142857143
5 0.31125 0.21642857142857144 0.085 0.08714285714285715
5 0.495 0.29214285714285715 0.1025 0.09142857142857143
5 0.73 0.425 0.1075 0.07142857142857142
5 0.30125 0.3914285714285714 0.105 0.09857142857142857
5 0.82375 0.5942857142857143 0.1 0.13857142857142857
5 0.6625 0.7742857142857142 0.0925 0.09142857142857143
5 0.54375 0.7392857142857143 0.105 0.10714285714285714
5 0.2725 0.7021428571428572 0.0925 0.08428571428571428