4 0.39125 0.03857142857142857 0.0375 0.03571428571428571
4 0.42875 0.032857142857142856 0.0425 0.02857142857142857
4 0.56875 0.06571428571428571 0.065 0.03571428571428571
4 0.61 0.027857142857142858 0.0375 0.018571428571428572
4 0.68375 0.03785714285714286 0.045 0.03142857142857143
4 0.6225 0.13 0.05 0.04285714285714286
4 0.355 0.19428571428571428 0.0625 0.037142857142857144
4 0.55375 0.22214285714285714 0.055 0.04
4 0.74875 0.1492857142857143 0.035 0.03
4 0.43125 0.29285714285714287 0.0575 0.03857142857142857
4 0.6925 0.34285714285714286 0.05 0.037142857142857144
4 0.25 0.49857142857142855 0.0525 0.03428571428571429
4 0.17375 0.6135714285714285 0.035 0.024285714285714285
4 0.18125 0.6807142857142857 0.0475 0.047142857142857146
4 0.245 0.32571428571428573 0.0425 0.03428571428571429