5 0.67 0.045 0.085 0.07
5 0.37375 0.07285714285714286 0.1 0.11142857142857143
5 0.54375 0.07428571428571429 0.095 0.08428571428571428
5 0.58375 0.1657142857142857 0.0975 0.07857142857142857
5 0.2425 0.2885714285714286 0.0625 0.06714285714285714
5 0.37375 0.31214285714285717 0.0775 0.055714285714285716
5 0.505 0.3628571428571429 0.07 0.06857142857142857
5 0.56375 0.37142857142857144 0.0825 0.07285714285714286
5 0.72 0.4664285714285714 0.08 0.055714285714285716
5 0.26375 0.43785714285714283 0.085 0.07428571428571429
5 0.22 0.6107142857142858 0.0675 0.11428571428571428
5 0.5375 0.59 0.065 0.04428571428571428
5 0.31 0.7814285714285715 0.0525 0.04428571428571428
5 0.295 0.8478571428571429 0.06 0.06428571428571428