5 0.56875 0.16357142857142856 0.1125 0.07
5 0.68875 0.22 0.0825 0.06571428571428571
5 0.6725 0.04428571428571428 0.07 0.06428571428571428
5 0.55875 0.06857142857142857 0.0875 0.06285714285714286
5 0.375 0.06357142857142857 0.1025 0.07142857142857142
5 0.37125 0.305 0.0875 0.07857142857142857
5 0.24875 0.2857142857142857 0.075 0.06428571428571428
5 0.56375 0.3607142857142857 0.09 0.06142857142857143
5 0.26875 0.4278571428571429 0.1 0.06428571428571428
5 0.72125 0.4607142857142857 0.0875 0.06285714285714286
5 0.225 0.6 0.0875 0.11142857142857143
5 0.5425 0.5814285714285714 0.105 0.06428571428571428
5 0.31375 0.7642857142857142 0.0625 0.055714285714285716
5 0.28625 0.8357142857142857 0.0775 0.05285714285714286