4 0.3975 0.04428571428571428 0.0625 0.03142857142857143
4 0.4475 0.03642857142857143 0.0525 0.02857142857142857
4 0.56125 0.06571428571428571 0.0625 0.03571428571428571
4 0.6225 0.03142857142857143 0.04 0.018571428571428572
4 0.685 0.041428571428571426 0.0475 0.032857142857142856
4 0.64125 0.13071428571428573 0.0525 0.03571428571428571
4 0.35375 0.1957142857142857 0.0525 0.03428571428571429
4 0.5525 0.22285714285714286 0.06 0.03857142857142857
4 0.73875 0.15071428571428572 0.05 0.03428571428571429
4 0.4325 0.2935714285714286 0.0525 0.03571428571428571
4 0.685 0.34 0.06 0.03571428571428571
4 0.25875 0.495 0.05 0.032857142857142856
4 0.25125 0.32571428571428573 0.045 0.03142857142857143
4 0.18375 0.6071428571428571 0.0325 0.027142857142857142
4 0.1925 0.6771428571428572 0.045 0.03428571428571429
4 0.44625 0.7385714285714285 0.0475 0.03571428571428571