4 0.3725 0.04285714285714286 0.065 0.037142857142857144
4 0.4325 0.03785714285714286 0.06 0.03571428571428571
4 0.53625 0.105 0.0675 0.04
4 0.5975 0.030714285714285715 0.05 0.018571428571428572
4 0.695 0.047857142857142855 0.0525 0.032857142857142856
4 0.26625 0.22142857142857142 0.0625 0.04
4 0.36875 0.4928571428571429 0.0625 0.03571428571428571
4 0.31625 0.5228571428571429 0.0475 0.03428571428571429
4 0.72 0.15785714285714286 0.0525 0.03571428571428571
4 0.2325 0.3292857142857143 0.0575 0.04
4 0.37625 0.31357142857142856 0.065 0.04428571428571428
4 0.16875 0.6078571428571429 0.055 0.03428571428571429
4 0.54125 0.5978571428571429 0.0675 0.04
4 0.47375 0.7407142857142858 0.0625 0.037142857142857144
4 0.32875 0.8014285714285714 0.0625 0.047142857142857146
4 0.36625 0.6171428571428571 0.045 0.04
4 0.6225 0.04357142857142857 0.05 0.017142857142857144