5 0.28125 0.09142857142857143 0.0675 0.10571428571428572
5 0.355 0.08 0.08 0.10428571428571429
5 0.59875 0.08 0.135 0.11142857142857143
5 0.67 0.205 0.085 0.10142857142857142
5 0.48875 0.29928571428571427 0.1075 0.11285714285714285
5 0.29875 0.39071428571428574 0.0725 0.11142857142857143
5 0.72375 0.41 0.1 0.09714285714285714
5 0.8125 0.5992857142857143 0.0975 0.13857142857142857
5 0.2675 0.7057142857142857 0.0625 0.07428571428571429
5 0.535 0.745 0.0675 0.08
5 0.65 0.7857142857142857 0.0725 0.08142857142857143