7 0.4525 0.2807142857142857 0.3625 0.054285714285714284
7 0.67 0.3171428571428571 0.0825 0.12
7 0.35125 0.34 0.17 0.05285714285714286
7 0.58625 0.48857142857142855 0.06 0.047142857142857146
7 0.43375 0.64 0.0625 0.055714285714285716
7 0.28375 0.5992857142857143 0.0575 0.06142857142857143
7 0.29375 0.6964285714285714 0.0325 0.05714285714285714
7 0.52 0.7957142857142857 0.0575 0.09714285714285714
7 0.3125 0.865 0.0975 0.14
7 0.5275 0.9557142857142857 0.175 0.024285714285714285
7 0.6925 0.9221428571428572 0.055 0.05285714285714286