7 0.45625 0.2864285714285714 0.3575 0.047142857142857146
7 0.665 0.3171428571428571 0.0675 0.12571428571428572
7 0.38 0.33714285714285713 0.195 0.045714285714285714
7 0.29 0.465 0.0575 0.041428571428571426
7 0.5825 0.49357142857142855 0.0425 0.041428571428571426
7 0.43 0.6378571428571429 0.0425 0.047142857142857146
7 0.28125 0.5864285714285714 0.0475 0.04285714285714286
7 0.295 0.6935714285714286 0.0275 0.06428571428571428
7 0.51625 0.7992857142857143 0.0575 0.08
7 0.3425 0.9121428571428571 0.045 0.05
7 0.52875 0.9542857142857143 0.1475 0.02857142857142857