7 0.46 0.28714285714285714 0.37 0.06
7 0.6725 0.315 0.0825 0.12571428571428572
7 0.38125 0.3357142857142857 0.23 0.032857142857142856
7 0.5825 0.495 0.05 0.03571428571428571
7 0.27875 0.5842857142857143 0.0475 0.08
7 0.43625 0.6414285714285715 0.0475 0.04857142857142857
7 0.52 0.7942857142857143 0.0575 0.07571428571428572
7 0.29125 0.6964285714285714 0.0375 0.04428571428571428
7 0.29 0.805 0.0825 0.09571428571428571
7 0.68375 0.9371428571428572 0.065 0.025714285714285714
7 0.5225 0.9521428571428572 0.165 0.025714285714285714
7 0.33625 0.9085714285714286 0.08 0.06285714285714286