7 0.46625 0.2985714285714286 0.395 0.09
7 0.67125 0.325 0.0575 0.10714285714285714
7 0.58 0.49214285714285716 0.05 0.04
7 0.32375 0.3678571428571429 0.0975 0.04857142857142857
7 0.2775 0.5914285714285714 0.045 0.04857142857142857
7 0.43625 0.6378571428571429 0.0525 0.047142857142857146
7 0.29125 0.695 0.0525 0.041428571428571426
7 0.51625 0.7921428571428571 0.0625 0.09142857142857143
7 0.34 0.8964285714285715 0.0475 0.08857142857142856
7 0.51625 0.955 0.23 0.022857142857142857
7 0.7 0.9164285714285715 0.05 0.06