7 0.33125 0.3535714285714286 0.115 0.09
7 0.505 0.2957142857142857 0.26 0.08428571428571428
7 0.6725 0.3078571428571429 0.045 0.12
7 0.2775 0.5914285714285714 0.025 0.07857142857142857
7 0.58875 0.4928571428571429 0.045 0.04428571428571428
7 0.43 0.6385714285714286 0.045 0.045714285714285714
7 0.285 0.6971428571428572 0.0575 0.03142857142857143
7 0.51 0.7992857142857143 0.045 0.11
7 0.34875 0.9078571428571428 0.07 0.04428571428571428
7 0.5275 0.9542857142857143 0.195 0.02857142857142857
7 0.69875 0.93 0.0625 0.04285714285714286