7 0.4625 0.295 0.375 0.055714285714285716
7 0.6725 0.3142857142857143 0.0725 0.12142857142857143
7 0.3225 0.3657142857142857 0.085 0.05857142857142857
7 0.58375 0.49357142857142855 0.055 0.03571428571428571
7 0.27875 0.5928571428571429 0.07 0.06571428571428571
7 0.29625 0.6935714285714286 0.035 0.03571428571428571
7 0.51125 0.7864285714285715 0.0325 0.06
7 0.4825 0.8328571428571429 0.045 0.04857142857142857
7 0.6025 0.8735714285714286 0.06 0.05285714285714286
7 0.34625 0.9042857142857142 0.06 0.06285714285714286
7 0.51375 0.9528571428571428 0.1925 0.02857142857142857