0 0.9076071899038461 0.20240651923076922 0.1097664735576923 0.34440654326923076 0.029386533653846154 0.3764954663461539 0.09874608413461537 0.3838446850961538 0.9155639134615385 0.23297540865384617 0.9076071899038461 0.20240651923076922
0 0.9121629807692307 0.2252321730769231 0.11176123076923077 0.3704579855769231 0.02317325 0.40536864182692306 0.10084582692307692 0.41126725721153845 0.9220301514423077 0.2624149375 0.9121629807692307 0.2252321730769231
0 0.9228907163461538 0.2553175264423077 0.11770252884615386 0.3930418725961538 0.01973097596153846 0.4337582764423077 0.10135009615384614 0.4361893341346154 0.9267959158653846 0.2879828461538462 0.9228907163461538 0.2553175264423077
0 0.9262709807692308 0.28112719951923076 0.11287475240384616 0.4216732764423077 0.016288701923076923 0.4621479134615385 0.10174937259615385 0.45974028846153847 0.9316666706730768 0.31492187980769226 0.9262709807692308 0.28112719951923076
0 0.9340177307692308 0.3089538341346154 0.10378547115384616 0.4496588557692308 0.008794901442307691 0.4926339831730769 0.09478050961538462 0.497082 0.9410089038461538 0.3452490048076923 0.9340177307692308 0.3089538341346154
0 0.9432549735576923 0.3379098245192308 0.11440821875000001 0.4783730817307692 0.019102689903846153 0.5172348245192308 0.09944129086538461 0.5212787788461538 0.9472651610576922 0.37194627403846153 0.9432549735576923 0.3379098245192308
0 0.9438642259615384 0.36420303605769233 0.11543742307692308 0.5101508052884616 0.024183418269230768 0.5469161201923077 0.10015552884615385 0.5489431177884615 0.9534164302884616 0.3972724158653846 0.9438642259615384 0.36420303605769233
0 0.9543819879807691 0.3915461346153846 0.10901416586538462 0.53628171875 0.015304112980769231 0.5776439543269231 0.09266172836538462 0.5794291874999999 0.9601976298076923 0.4308253269230769 0.9543819879807691 0.3915461346153846
0 0.9564817331730769 0.41896870432692307 0.108552875 0.5669300817307692 0.014737834134615383 0.6069211899038461 0.10210894711538462 0.6111274350961539 0.9610168557692307 0.45986079326923074 0.9564817331730769 0.41896870432692307
0 0.9644384591346153 0.4495375913461538 0.10383008413461538 0.5969326153846154 0.014276545673076922 0.637569548076923 0.09322964182692309 0.6418552740384615 0.9699391370192308 0.4847034014423077 0.9644384591346153 0.4495375913461538
0 0 0.6695745721153846 0.08722633413461539 0.6734707019230769 0.9777908750000001 0.5139011634615385 0.9721852115384616 0.47736422596153844 0.09931726923076924 0.6296774110576924 0 0.6689018485576923 0 0.6695745721153846
0 0.0972605 0.6578252812500001 0.0036554350961538465 0.7005586442307692 0.09740846394230769 0.7147668509615385 0.981536454326923 0.5646241105769231 0.9832016778846153 0.5073940408653846 0.0972605 0.6578252812500001