0 0.5279840024038461 0.14473568990384617 0.5603048533653846 0.017673473557692308 0.4553901105769231 0.11350904086538462 0.07934831971153847 0.8365238245192308 0.14128365625 0.8567915552884616 0.5279840024038461 0.14473568990384617
0 0.7065823550959368 0.5410389479395548 0.20337229750840344 0.8120469580575584
0 0.7008263087765154 0.5100827956142981 0.20633594833229468 0.8241641380517037
0 0.6692964064414929 0.5173657509228012 0.19890048800273818 0.8190625980692681
0 0.6398641146554656 0.505368962388078 0.2010804122885663 0.8143528549864901
0 0.6561608802595197 0.49030921550305717 0.1979521339910093 0.8502146488443536
0 0.6087853699838266 0.45145178999841884 0.2117034453100321 0.8363792672707634
0 0.5967364920174197 0.4783348692028415 0.1997961754748102 0.8382933673000372
0 0.5664908264961533 0.5095583368248918 0.20633594833229457 0.8241641380517036
0 0.5517615139682254 0.49096423755606655 0.19510044410112706 0.8405013150040546
0 0.5315230963313751 0.5133824467399974 0.1943167175630638 0.8236743919271314
0 0.5166521756722621 0.5235855267048688 0.18369368454159812 0.8016479796428584
0 0.5032894136949232 0.552921426675595 0.1868219628391554 0.7657861857849949