0 0.12328408173076923 0.7356278846153846 0.9123131394230769 0.5891476682692308 0.9901465504807692 0.5566311971153847 0.9197159951923077 0.5496978317307692 0.11243167548076924 0.7051465072115385 0.12328408173076923 0.7356278846153846
0 0.11657379807692309 0.7128594663461538 0.9078772235576923 0.5631427908653847 0.993701079326923 0.5277603149038461 0.9150466081730768 0.5223242740384616 0.10318338942307692 0.6757842548076923 0.11657379807692309 0.7128594663461538
0 0.10298008653846155 0.6828771995192308 0.8997962860576922 0.5406239254807692 0.9945143052884616 0.49938854326923077 0.9122148125 0.49743851923076926 0.09600616826923078 0.6502784807692308 0.10298008653846155 0.6828771995192308
0 0.09717351442307692 0.6571218725961538 0.9019801586538462 0.5120026009615384 0.9953275288461538 0.47101677403846154 0.9096164855769231 0.4739214423076923 0.08859547836538462 0.62340403125 0.09717351442307692 0.6571218725961538
0 1 0.4405267884615384 0.9131408533653846 0.4365889399038462 0.07637241826923077 0.5931722067307692 0.08678804807692307 0.6293778485576923 0.9085094687499999 0.48400129326923075 1 0.4405368028846154 1 0.4405267884615384
0 0.07479845913461539 0.6005147067307692 0.8951492235576922 0.4553877019230769 0.9873594086538462 0.4160201057692308 0.9061970985576924 0.41245184615384617 0.0675910721153846 0.5665473100961539 0.07479845913461539 0.6005147067307692
0 0.07173319471153847 0.5742602716346153 0.8911500817307693 0.4236585576923077 0.9794817764423077 0.3864082980769231 0.9028983653846154 0.38482873557692304 0.05904319711538461 0.5412910913461538 0.07173319471153847 0.5742602716346153
0 0.05860642067307693 0.5470153581730769 0.8951715504807692 0.39752503125000005 0.9855441418269231 0.35566963461538464 0.9075900817307693 0.3543396225961538 0.049094502403846156 0.5078228076923077 0.05860642067307693 0.5470153581730769
0 0.05393703365384615 0.5196418004807692 0.89277653125 0.3669150120192307 0.9833825937499999 0.32642829086538466 0.8951335504807693 0.3227391225961539 0.04556230048076923 0.4788310192307692 0.05393703365384615 0.5196418004807692
0 0.04308462980769231 0.4891604230769231 0.8947269399038462 0.33692500961538463 0.9809875745192307 0.2958182716346154 0.9011959182692307 0.29200045913461536 0.034273122596153845 0.45407390625 0.04308462980769231 0.4891604230769231
0 0.03269916105769231 0.46141640144230767 0.89621040625 0.3041976490384615 0.9939032067307692 0.2638318389423077 0.9042835096153846 0.2603922235576923 0.023654182692307693 0.4249612043269231 0.03269916105769231 0.46141640144230767
0 0.8956529783653846 0.2760754326923077 0.9857921033653846 0.23285135576923077 0.8901926923076923 0.2192109783653846 0.017415954326923076 0.373927548076923 0.020086576923076922 0.43126684134615384 0.8956529783653846 0.2760754326923077