0 0.5029905312499999 0.07110704326923077 0.52371909375 0.14049491105769232 0.77538753125 0.5309732451923077 0.8005569399038461 0.5185886899038462 0.5578438725961539 0.11745398557692308 0.5029905312499999 0.07110704326923077
0 0.4960522235576923 0.15940888221153846 0.4322435120192308 0.12371830288461538 0.4557595360576923 0.19379153846153846 0.7552823028846153 0.5388881682692308 0.7750975240384614 0.52375846875 0.4960522235576923 0.15940888221153846
0 0.3877696298076923 0.15707291826923075 0.4101948942307692 0.20687623317307693 0.7412627524038461 0.5540141706730769 0.7587320024038462 0.5354502716346153 0.4322868317307692 0.1865915360576923 0.3877696298076923 0.15707291826923075
0 0.3408675480769231 0.20554614182692307 0.3695992403846154 0.2611861201923077 0.7274639495192308 0.5677657548076923 0.7466169350961539 0.5567593149038461 0.39044893269230774 0.2305951298076923 0.3408675480769231 0.20554614182692307
0 0.35777417548076923 0.2897099471153846 0.2987266682692308 0.26947697355769235 0.32716835817307693 0.3179021730769231 0.7240835048076922 0.5797928533653847 0.7381030528846153 0.5646668413461539 0.35777417548076923 0.2897099471153846
0 0.24616743028846155 0.3351322908653846 0.29976556009615385 0.39831495432692304 0.7124099302884616 0.5983530552884615 0.7217375288461538 0.5763586466346153 0.31680628846153847 0.35535787740384617 0.24616743028846155 0.3351322908653846
0 0.2784743725961538 0.4316547860576923 0.23511718750000002 0.43099528605769233 0.27625394951923077 0.47254099759615387 0.70631128125 0.6182839879807692 0.71402440625 0.5973213149038462 0.2784743725961538 0.4316547860576923
0 0.26146400000000003 0.5646271081730769 0.7096787548076923 0.63339890625 0.7083672524038461 0.61450340625 0.25686725 0.5120638750000001 0.20734215865384617 0.5227461033653846 0.20594842307692307 0.5224034182692308 0.26146400000000003 0.5646271081730769
0 0.25440014423076923 0.60860853125 0.2047235673076923 0.6292543798076923 0.27374794471153846 0.650511701923077 0.7079820528846154 0.6529834591346154 0.7043245721153847 0.6306537620192307 0.25440014423076923 0.60860853125
0 0.22953813221153846 0.7453651274038461 0.28462518509615387 0.7631956322115384 0.7194911754807692 0.671528889423077 0.7038008557692308 0.6519554158653846 0.27319828846153843 0.7260973870192308 0.22953813221153846 0.7453651274038461
0 0.2677792668269231 0.8590623221153847 0.3225070600961538 0.8610888557692308 0.7300480552884616 0.686982795673077 0.7136954975961539 0.6715325841346154 0.3110109038461539 0.8154014134615385 0.2677792668269231 0.8590623221153847
0 0.3462178966346154 0.9840716995192308 0.4058713485576923 0.9644501947115385 0.7475735961538461 0.7041501105769231 0.7274813365384615 0.6849230168269231 0.3731662355769231 0.9335497716346153 0.3462178966346154 0.9840716995192308