0 0.5026144254807693 0 0.5276663942307692 0.05517444711538462 0.8282739014423076 0.39963164182692307 0.8514288942307692 0.38272036057692305 0.5582205480769231 0.02600538701923077 0.5150988774038462 0 0.5026144254807693 0
0 0.5029257788461539 0.07905649278846154 0.4352129038461538 0.054940875 0.46781311538461534 0.12066433653846155 0.809512125 0.41116541346153845 0.8270188653846154 0.39247987259615386 0.5029257788461539 0.07905649278846154
0 0.39583926201923075 0.09627721153846153 0.42464131250000003 0.14195761057692308 0.7977197475961538 0.4288007019230769 0.8124519543269231 0.4071096538461539 0.44370061538461536 0.1177135576923077 0.39583926201923075 0.09627721153846153
0 0.3561019759615384 0.15314833894230767 0.39190649038461534 0.20351800721153845 0.7859604302884615 0.4450237379807692 0.8033679975961537 0.43057496394230765 0.40835655048076924 0.16920717548076925 0.3561019759615384 0.15314833894230767
0 0.38407756730769227 0.2341350889423077 0.3231357379807692 0.22459451442307693 0.35768522115384616 0.26781241346153845 0.7842425793269231 0.45764352403846154 0.7960349495192307 0.4400082283653846 0.38407756730769227 0.2341350889423077
0 0.28012803846153844 0.2996439423076923 0.3414653846153846 0.35305488942307695 0.7752247379807693 0.47828432451923075 0.7814680360576923 0.45463801201923076 0.35249860336538463 0.3070840216346154 0.28012803846153844 0.2996439423076923
0 0.32494920432692304 0.39019023317307694 0.28210798557692307 0.39736097115384617 0.3282514903846154 0.43141709855769234 0.7718882091346154 0.49928712980769235 0.7766781225961539 0.4769625721153846 0.32494920432692304 0.39019023317307694
0 0.3260365721153846 0.5260381129807692 0.7772389302884615 0.5137716754807692 0.7734077091346154 0.49514086778846156 0.31444373798076924 0.4743824615384616 0.2670440120192308 0.4939919783653846 0.2656236778846154 0.49390147596153844 0.3260365721153846 0.5260381129807692
0 0.32497869951923075 0.5712302379807692 0.27876789423076925 0.6008160360576923 0.34968506971153845 0.6095778653846154 0.7781964423076922 0.5336337283653847 0.7715906802884616 0.5119974158653846 0.32497869951923075 0.5712302379807692
0 0.31883220192307693 0.7122746274038462 0.37554610576923075 0.7201314447115384 0.7920360673076924 0.5500735384615385 0.7739354567307692 0.5333622259615385 0.3592955817307692 0.6851513317307693 0.31883220192307693 0.7122746274038462
0 0.37181168509615387 0.8188987211538462 0.4260485817307692 0.8110397403846155 0.8045214807692307 0.5635983341346154 0.7863216995192308 0.5511237860576923 0.4085760841346154 0.7674956081730768 0.37181168509615387 0.8188987211538462
0 0.46594759375000006 0.9295596033653847 0.5221337524038462 0.8991950576923077 0.8241085336538462 0.5775756394230769 0.8017138894230769 0.5620050817307692 0.4857341850961538 0.8742459639423077 0.46594759375000006 0.9295596033653847