0 0.9229317235576923 0.5018171923076923 0.8553592572115385 0.5268671995192308 0.48934231730769234 0.802049704326923 0.5044487091346154 0.8262757379807693 0.8821239278846154 0.5593125793269231 0.9229317235576923 0.5018171923076923
0 0.8334249903846154 0.5005768629807692 0.8625745096153847 0.43486212980769234 0.7946071009615385 0.46272689182692306 0.4792637908653846 0.7825713389423077 0.49656513461538465 0.8012992475961538 0.8334249903846154 0.5005768629807692
0 0.8243490288461538 0.3927900264423077 0.7766450048076923 0.4182720360576923 0.46257764663461537 0.7696043245192308 0.4830840625 0.7857802451923077 0.7993691538461539 0.4389328581730769 0.8243490288461538 0.3927900264423077
0 0.7706677860576924 0.34927269471153843 0.717761204326923 0.38139743990384617 0.44729656971153847 0.7567686947115385 0.4603826995192308 0.7751024495192307 0.7507157788461538 0.4001632019230769 0.7706677860576924 0.34927269471153843
0 0.6878370192307692 0.37147009374999995 0.7019484927884616 0.3114784038461539 0.6562647307692308 0.34285269711538463 0.43484840865384616 0.754178858173077 0.4515345625 0.7671458677884615 0.6878370192307692 0.37147009374999995
0 0.6303962812499999 0.26343832211538465 0.5725301754807692 0.3207644783653846 0.4149571850961538 0.743763826923077 0.4380534903846154 0.7516268677884616 0.6175151899038462 0.33495180288461535 0.6303962812499999 0.26343832211538465
0 0.5367654615384615 0.3017359471153846 0.5328540649038461 0.25859493509615383 0.49542603125 0.30214793269230766 0.3942760769230769 0.7389783076923078 0.4161647836538461 0.7453025865384616 0.5367654615384615 0.3017359471153846
0 0.4012863629807692 0.2933451826923077 0.37943550240384616 0.7432939711538461 0.39829381971153843 0.7407798365384616 0.45364609855769233 0.285408625 0.4376814855769231 0.23686302163461537 0.4378789543269231 0.23545564182692308 0.4012863629807692 0.2933451826923077
0 0.35632413701923077 0.2891408846153846 0.33032656250000003 0.24108297115384614 0.3162378725961539 0.3110576875 0.3595670600961538 0.7428619735576922 0.38163044951923075 0.7377958461538461 0.35632413701923077 0.2891408846153846
0 0.21621210817307693 0.27318770192307695 0.20409811298076924 0.3290886442307693 0.3421365961538462 0.7554905168269231 0.36015946875 0.7386398389423078 0.2401894230769231 0.3153533365384616 0.21621210817307693 0.27318770192307695
0 0.10594070673076923 0.31848436298076926 0.10967741586538461 0.37301578125 0.3277137427884615 0.7669744567307692 0.3415214038461538 0.7497296225961538 0.15439661057692305 0.35866140384615386 0.10594070673076923 0.31848436298076926
0 0 0.43003155769230766 0.014557971153846154 0.46250453124999996 0.31230353605769234 0.7854952788461538 0.32951374759615387 0.7642910865384616 0.04217329326923077 0.42801487019230766 0 0.4094966899038462 0 0.43003155769230766