0 0.4393848894230769 0.1686763173076923 0.43906581009615386 0.04013824278846154 0.35958674759615383 0.1547952716346154 0.17122380769230772 0.9284528149038462 0.23768470432692307 0.9342041706730769 0.4393848894230769 0.1686763173076923
0 0.7173455641385501 0.5084134615384616 0.16505149427496343 0.8100961538461539
0 0.7032323270024837 0.4795673076923077 0.17048908777596183 0.8221153846153846
0 0.6736302917243631 0.49399038461538464 0.1606217426832549 0.8173076923076923
0 0.6426952423210159 0.4879807692307692 0.16277362835977874 0.8125
0 0.6532554787263591 0.4699519230769231 0.1598556396320036 0.8485576923076923
0 0.5981508767362473 0.44350961538461536 0.17339685488445264 0.8317307692307693
0 0.5918314215646212 0.4723557692307692 0.16150360435388292 0.8341346153846154
0 0.5694460355576809 0.5096153846153846 0.17048908777596183 0.8221153846153846
0 0.5510341378782092 0.49399038461538464 0.15694787252351305 0.8389423076923077
0 0.5364272014067827 0.5204326923076923 0.15834387676806977 0.8197115384615384
0 0.5237150793249156 0.5336538461538461 0.14772065024339598 0.8004807692307693
0 0.5185345571108818 0.5637019230769231 0.15063863897117086 0.7644230769230769