0 0.43544331490384613 0.18171832932692308 0.43812787019230764 0.05297495913461539 0.35596953846153845 0.16549422596153845 0.14952800961538462 0.9348507259615384 0.2158545096153846 0.9425446682692308 0.43544331490384613 0.18171832932692308
0 0.7054651161700315 0.5300613707687997 0.18398156976144484 0.8136633375965487
0 0.6920259470038103 0.5007605758564191 0.18970002491654506 0.8258224579246186
0 0.662086877740767 0.5143443154264619 0.17972033516219726 0.8207349864992483
0 0.6312922591644708 0.5074254179093928 0.18175987617708025 0.8159972389709755
0 0.6422737880509674 0.4896763508732247 0.17968447241161145 0.8519150417198288
0 0.5877870816998801 0.4615903408645586 0.19283248134831743 0.8355077873194227
0 0.580793558558409 0.4902966051518734 0.18099540314856824 0.8375619095761713
0 0.5575375014237521 0.526961689911423 0.18970002491654492 0.8258224579246186
0 0.5394907238946132 0.5107771316760669 0.17655201597983897 0.8422297123250246
0 0.524265891784162 0.5368347430815672 0.17749864157783257 0.8230688878736749
0 0.5112448218827825 0.5497061730306236 0.16642603640659542 0.8035583395252276
0 0.5053621455334937 0.5796493327845712 0.16850144017206395 0.7676405367763744