0 0.930389529583133 0.7674894767139668 0.064407883011242 0.08502055435530281
0 0.916355141050698 0.7111192275992946 0.12318122293512943 0.12333066660722011
0 0.8819430042902764 0.7232252486688217 0.14588495732295173 0.1310933192275354
0 0.8688201311648662 0.7523921820080995 0.13858869171077373 0.13517243502076354
0 0.829345390845545 0.7808360206236764 0.12981535178688602 0.10300155081399169
0 0.7855890102217754 0.6831287539807884 0.10871815257775239 0.10414237889480489
0 0.7613063343283324 0.724116101360473 0.09575975020515273 0.09135757188351874
0 0.7002579418415645 0.6808170663040416 0.15797323479812775 0.18357116483656427
0 0.7095289477730635 0.6536896908613776 0.13943122293512972 0.12532591572189206
0 0.6185081489593633 0.6368605996789876 0.10973682451686273 0.1291423788948049
0 0.6084805552862957 0.6054792733688299 0.13348682451686272 0.13205851221624898
0 0.5261354829517522 0.6223780277954688 0.14738962530772923 0.1374967999286639
0 0.5593326295980056 0.5630133049731204 0.10596348459297487 0.09758541749254775
0 0.5008627643812609 0.5489247120200748 0.11052842214426306 0.11804585959593368
0 0.43457562762083923 0.5571169752108216 0.11721348459297502 0.0989667438027054
0 0.4460389050960153 0.5070180804692863 0.12478775811381823 0.13223414730834862
0 0.33101556517212744 0.524301336666581 0.16358869171077373 0.13824204904333612
0 0.38017090707318163 0.4895086033094689 0.09116721898079704 0.10074364907900417
0 0.3160484481833692 0.4445758665002158 0.09831068380210838 0.09291453328577604
0 0.2626178466016362 0.445552936702249 0.1287924260985958 0.1389445894117344
0 0.23132645609203464 0.3964856981223403 0.11547748854730756 0.11740978240044825
0 0.16347204778793598 0.4277262209625228 0.1539961604864179 0.147014203434307
0 0.1451899932478896 0.36769378939390046 0.16251483242552817 0.17293508764107884