0 0.9435047519096404 0.6324066180209749 0.06465179414385404 0.07972619905509902
0 0.9316447348504403 0.5778431276396218 0.12379451094843547 0.11552779426273901
0 0.8952129215149859 0.5947340055336977 0.14386723628261733 0.12247620965257397
0 0.8823638399109132 0.6251705151523446 0.13641087148312636 0.125964303881386
0 0.8426179407065862 0.658420520451082 0.12729724481221752 0.09440874714833314
0 0.7993338207193128 0.5662201295972784 0.10607633494589037 0.09616668079663356
0 0.7750820159134585 0.6101744978727074 0.09470997441119948 0.08577382213985132
0 0.7142756404519673 0.5741883950040769 0.1569344938892354 0.17166271927122081
0 0.7233456319223671 0.5463828382710241 0.13630905601527218 0.117214303881386
0 0.6321974473902217 0.5408193584871461 0.10761723628261749 0.12121033175849817
0 0.6225465289942943 0.5111685661820635 0.13138178134945377 0.12328970003392727
0 0.5404024452578217 0.5371527041842005 0.14518996161679923 0.12876986061443874
0 0.5742474260662213 0.47412095369478635 0.10351815467854493 0.09107937887290404
0 0.5155992415340758 0.46742254890242646 0.10998633068109029 0.11004763368222754
0 0.44918197326545767 0.4841110498812548 0.11476815467854493 0.09147223752968628
0 0.4610283210057483 0.4324681912244726 0.12388178134945377 0.12302779426273901
0 0.34570832953534847 0.4639840797160237 0.16142541654996279 0.1280873231186797
0 0.3955342266072755 0.42350986672236857 0.09106178987905394 0.09439286925425733
0 0.33099966874603887 0.3857797167393322 0.09595997441119948 0.08581747310171607
0 0.27842694341185703 0.3938630571376489 0.12770450668363564 0.12940874714833314
0 0.24646511088480225 0.34874798214613073 0.11373633068109029 0.11017858656782167
0 0.17916103141312972 0.38795830860589137 0.1515272320178174 0.1364881154237622
0 0.16108737702102027 0.33048807303386163 0.1593181333545445 0.16175002119495033