0 0.02 0.52375 0.04 0.0675
0 0.05125 0.57 0.1025 0.0775
0 0.08 0.54125 0.1225 0.075
0 0.08 0.50875 0.11125 0.085
0 0.10375 0.46375 0.11625 0.04875
0 0.18125 0.5325 0.0875 0.06375
0 0.18625 0.48375 0.0775 0.05625
0 0.2575 0.495 0.11125 0.13375
0 0.26 0.52375 0.11625 0.0725
0 0.3475 0.49625 0.075 0.09625
0 0.36875 0.52 0.10625 0.08375
0 0.435 0.46625 0.12125 0.0825
0 0.42875 0.53625 0.0875 0.0575
0 0.48625 0.52125 0.08375 0.08
0 0.54125 0.4825 0.10125 0.0525
0 0.55125 0.53375 0.095 0.08875
0 0.64625 0.46375 0.1425 0.0725
0 0.61625 0.51875 0.0675 0.07
0 0.69125 0.53 0.08 0.05625
0 0.7375 0.50375 0.09625 0.095
0 0.785 0.53375 0.08875 0.0775
0 0.8325 0.47375 0.125 0.09
0 0.8725 0.52 0.12125 0.11875