0 0.830623865346006 0.3228564009795252 0.2239790150367452 0.17491556363492577
0 0.7862109368573955 0.22348914708317313 0.19533105164285275 0.17566373051823944
0 0.9320271265558935 0.6203768003309021 0.13594574688821295 0.16566373051823946
0 0.7922313029184719 0.23590187175853206 0.1896932712794984 0.18305463636243807
0 0.9105221897661689 0.510460912343611 0.178955620467662 0.14046736103779695
0 0.8473199402590467 0.42771457857698353 0.17109642933902308 0.1540209915573544
0 0.7176643911674322 0.4112010087709113 0.22433604000775859 0.20987192597260518
0 0.7902913695980697 0.5801755237063786 0.19938716146117572 0.17947918701172028
0 0.6432898037688847 0.28982467857566535 0.22321363734057456 0.19612192597260517
0 0.8521022614805722 0.6779873139664869 0.15175977042908584 0.1312155279211106
0 0.7058775127561914 0.75752421136804 0.27714235612680765 0.15337559220597768
0 0.7138625476614735 0.6559905665629566 0.16137697843063734 0.17257462207691218
0 0.5911208554117373 0.46348107662715976 0.18726995345962394 0.13807645519359824
0 0.6067837839003476 0.5633501636401982 0.24020345431003662 0.19017738960884897
0 0.5416186706803736 0.35544018863986865 0.1770656739466824 0.19656462921967502
0 0.6289899386935633 0.7050397035753359 0.18035661236956116 0.16042372337547647
0 0.4075625608620507 0.3540248035740177 0.17122402667183906 0.1402928103885148
0 0.4356999286239525 0.46869752110661367 0.20267789358332805 0.20450100584288053
0 0.5058779253576438 0.6383406737044014 0.14726995345962393 0.13737825259646969
0 0.5660175810012724 0.8306911051982118 0.13591812315424248 0.07476915844066809
0 0.5096529703325368 0.7765965866913631 0.21084123467339083 0.1821755564921628
0 0.40069930972177387 0.6533202743530245 0.1648719900657315 0.1389337162327135
0 0.350686838809509 0.5696980240280538 0.17558624630848485 0.14785826688199563
0 0.44484395373030844 0.879747988314239 0.14788237939699583 0.0837155279211106
0 0.2003173429262305 0.45277764253358455 0.18346883200620695 0.16796736103779694
0 0.22512553432555393 0.5956735448064017 0.2559430649787723 0.24537375908929135
0 0.31370938960194894 0.691766230196564 0.12158125794357894 0.11321369480442456
0 0.3536069403943889 0.8124925782487176 0.18321363734057472 0.19542372337547648
0 0.3371524545807212 0.9329507737030832 0.10698961066873565 0.05678914415514214
0 0.29631080730587794 0.8773335198067312 0.15038217309626967 0.14492189025879015
0 0.11774066074610513 0.49928314188364326 0.12624958739854755 0.1245291512979054
0 0.2110688056050524 0.7761753779230878 0.17653013649016203 0.14413008571315572
0 0.13763810838818194 0.6510272288966816 0.1458667954000993 0.16606279610298885
0 0.06716667904915893 0.5007918045456343 0.0622955141863323 0.12091639090873145
0 0.25341513179371233 0.9575703636375619 0.07323961066873565 0.05620003571381517
0 0.21025210015473894 0.8888499285723701 0.07938736776190183 0.11622185454497526
0 0.07243424147669292 0.5883245327923747 0.05711700170082551 0.1033509344152506
0 0.10870938960194895 0.6953445185068488 0.06461700170082552 0.10348184740221228