0 0.8508392936281314 0.5788023564017505 0.22236651348133363 0.19620216282175007
0 0.8983769270446221 0.48295870285144277 0.19600007410996426 0.19232645861557018
0 0.7087931736929738 0.8650505621906219 0.1980925363101713 0.1837074780637778
0 0.892709123901469 0.49578625147196176 0.19373295285270273 0.19719543916736257
0 0.7595277200954602 0.7571353794680027 0.1794863622821623 0.15904034192632452
0 0.7805824747692124 0.6576674301238747 0.17245211976763983 0.1686472835817017
0 0.7054882522718023 0.5519609746736878 0.22757200562345076 0.2276486919940615
0 0.622765712982388 0.7129276748091614 0.2011747331670182 0.1963384975119854
0 0.7501166246462797 0.4205578308474837 0.22323980876660385 0.2149521628217501
0 0.5889061665799017 0.8199584762563794 0.1513459457396307 0.1438491279960408
0 0.4278119626099827 0.7644954563555102 0.2669007559958561 0.18856051288948691
0 0.5121544062826989 0.705567530530296 0.1669007559958561 0.1833197349611828
0 0.5793067187733564 0.4927886824979122 0.1844281425964776 0.15805238082273973
0 0.5120293507002258 0.5683649819097769 0.23812336939523449 0.2132382795109956
0 0.6301868143900545 0.38799849977529294 0.18419871033818025 0.20667136137453213
0 0.416091035397843 0.6742635147001329 0.18149321819606315 0.17535585165042847
0 0.5397586903210678 0.28936091587640334 0.17061992291079292 0.15608177385759803
0 0.4695463978475229 0.3826337444605796 0.2071644678236578 0.2178505364084006
0 0.38486152902958165 0.541823709182209 0.14907882448236962 0.14871810854783335
0 0.2760927586400638 0.7085411135238624 0.13151715831224337 0.09293199185858782
0 0.2800704676561403 0.6325230551792397 0.21134939222407226 0.20061257530481583
0 0.3021388971027122 0.4741085766628004 0.16556170322510824 0.15456973496118281
0 0.3330635191047842 0.3847743043878939 0.17471924102490108 0.16377830302990945
0 0.1556235546701448 0.6509490275896199 0.14317469611203612 0.10227157937552192
0 0.3225720056234506 0.19987256897404962 0.18434253631017128 0.18298687109863607
0 0.22805834937812194 0.3094555920403018 0.2592021568226218 0.26422092537255265
0 0.21263031794659054 0.43556925735006646 0.1229144307686758 0.12240791406575738
0 0.14612522232989245 0.5411783116239832 0.18919871033818036 0.20693340027094734
0 0.05945743771423032 0.603987256897405 0.06558564334128836 0.06952548620519011
0 0.07714234358715369 0.5397813464496922 0.11061992291079294 0.15293730710061554
0 0.23094185442427947 0.16958926910952335 0.12843840793983793 0.1339199529621726
0 0.09066626517584275 0.41314094572608334 0.149544581967847 0.15871810854783333
0 0.12586141786463542 0.2809791248306579 0.1514932181960632 0.17378361827193722
0 0.17775518825415326 0.11724241293572728 0.11320552919709925 0.12813383627292693
0 0.12527405128112631 0.18765759565834647 0.07846579454045954 0.10511507372212428
0 0.07166107692168948 0.2875787978291732 0.07084935516909019 0.10222201537750152