0 0.15875 0.54375 0.18125 0.11375
0 0.15625 0.65 0.14375 0.13
0 0.165 0.225 0.15375 0.115
0 0.15625 0.63625 0.13375 0.14125
0 0.165 0.34375 0.1475 0.09125
0 0.18875 0.4425 0.12625 0.11375
0 0.30125 0.50625 0.16125 0.15875
0 0.3075 0.32625 0.1475 0.1325
0 0.3175 0.64375 0.1675 0.14125
0 0.2925 0.215 0.115 0.09375
0 0.4625 0.1975 0.26125 0.05875
0 0.41125 0.28625 0.10375 0.1425
0 0.44125 0.50625 0.15625 0.085
0 0.47 0.41 0.1925 0.125
0 0.44 0.6225 0.11 0.165
0 0.51125 0.27375 0.13375 0.1175
0 0.56375 0.67375 0.135 0.095
0 0.5875 0.56 0.1375 0.1625
0 0.59625 0.38 0.10625 0.10375
0 0.62375 0.18375 0.12875 0.02875
0 0.6525 0.25375 0.16 0.13
0 0.7 0.40625 0.1275 0.0975
0 0.71 0.5 0.135 0.10375
0 0.7575 0.185 0.13875 0.03375
0 0.79875 0.6625 0.13375 0.125
0 0.8375 0.52375 0.18 0.18875
0 0.7975 0.40375 0.0875 0.085
0 0.8125 0.28 0.1175 0.16125
0 0.88 0.1775 0.1025 0.02
0 0.89375 0.2425 0.10625 0.11125
0 0.895 0.65125 0.0875 0.0975
0 0.92875 0.36625 0.13875 0.0975
0 0.9425 0.50625 0.0875 0.14125
0 0.965 0.67625 0.0675 0.1025
0 0.96875 0.18625 0.06 0.03625
0 0.97875 0.265 0.0325 0.11125
0 0.9825 0.59 0.03125 0.0975
0 0.98875 0.4775 0.02125 0.10125