0 0.012085062921291731 0.39428480276803285 0.024170125842583462 0.07356960553606569
0 0.029210956831889182 0.34997240632693233 0.058421913663778365 0.15744481265386467
0 0.06490504356089427 0.33767401384016443 0.12981008712178854 0.1803480276803289
0 0.1243737498859669 0.3276442932925068 0.18482629851502672 0.19248723875246043
0 0.23588555222745988 0.2871773834215475 0.20105448165323567 0.1893993755128821
0 0.30913781725457457 0.268281998843445 0.16489174910039991 0.20292230120117224
0 0.3830223545689529 0.24816208106382032 0.1535253925041809 0.18246389882857264
0 0.454988258159749 0.2354657628887623 0.1611344768131363 0.20151950041030575
0 0.5219977954741275 0.21506571032588226 0.18479720936597205 0.18748723875246043
0 0.6008786966448738 0.1957745269340796 0.16842358048248912 0.16557510199203876
0 0.6610459592519389 0.16946933958794425 0.17573450101363305 0.13338070357377185