0 0.2765930459743805 0.7355134608095145 0.3770560293478401 0.26405004596389403
0 0.18332045737619812 0.3819219808885721 0.35318353919208256 0.30134396177714423
0 0.554192541144703 0.6693216037011099 0.2525556086564421 0.18816523344882086
0 0.4383817024540768 0.3774354416980866 0.30341514320373447 0.26350459761298256
0 0.7329807912371468 0.6167168119503756 0.20495987110041086 0.13922147770333423
0 0.6415794450246731 0.39176612571542707 0.2124828660858458 0.18333549875002148
0 0.7657544029555333 0.39213514454450626 0.18639172752690145 0.14437941456327194
0 0.8672600536811153 0.5783660686634922 0.18073704439153487 0.1215881977259221
0 0.87230206138785 0.3871099044428607 0.14298244539444796 0.11065407144579766
0 0.9491832236735341 0.5558895591077782 0.10163355265293177 0.08993835779368567
0 0.9329998039584464 0.3931409085957284 0.1048277622590814 0.08596994516567336
0 0.9752968313536661 0.5439232622365464 0.04940633729266779 0.07864021046687399