0 0.1941101028097505 0.5772732378421466 0.36459581838861127 0.14795352431570677
0 0.26783876238530574 0.22632053596436527 0.34081776945227804 0.20016262297897966
0 0.48111707127461156 0.6333246900700393 0.24008937249205559 0.1140135626989077
0 0.5134513056220559 0.33036652046469406 0.27168954650400023 0.1831126443029801
0 0.6718007819888061 0.6604888399109131 0.20043745623077797 0.07481266562698068
0 0.6938310962752503 0.42516884844051334 0.19040940729444458 0.12718176002545334
0 0.8088030473389171 0.476345247358405 0.17456567917905544 0.090757219223417
0 0.8129494753018061 0.6813525198918231 0.1777047036472223 0.06455085442392601
0 0.9091090576731393 0.5151889145449147 0.13532107993900014 0.06905632215149012
0 0.902077698250084 0.696569820146442 0.09886742142838897 0.05988451521323555
0 0.9574033964277501 0.5458280217377878 0.08519320714449975 0.05734088001272667
0 0.9527538317238475 0.7078557449395695 0.094492336552305 0.05234088001272653