0 0.12252640653988517 0.6321755923617843 0.24505281307977034 0.3631488152764314
0 0.5304958025564267 0.4320828164177678 0.1207761894201866 0.06515361759625932
0 0.5374189498832384 0.3880012987413114 0.09807010523343707 0.03854338888204225
0 0.42633921518443907 0.43624188098465777 0.11599460204819906 0.06852474025173763
0 0.4438453794050705 0.4454934506107668 0.0649753431174743 0.04723596680652094
0 0.42596286569648883 0.4213366003207883 0.10583666518826121 0.08642226622656395
0 0.3386633688817268 0.456574874845722 0.09576386097892367 0.08441451153752069
0 0.3094216488591389 0.4351454985809173 0.10397957463103566 0.11863810821817268
0 0.17072829328306136 0.6690397918620243 0.09638211353917242 0.1591303535291294
0 0.11691048685611567 0.5567586796643497 0.1888944419804353 0.1449843037389107
0 0.07227775602783541 0.5559170061389359 0.14455551205567083 0.1356659877221283
0 0.058145242319253734 0.5002259978405661 0.11629048463850747 0.12204800431886781