0 0.13348578231734098 0.35342559236178434 0.26697156463468197 0.3681488152764314
0 0.5434922458174282 0.48203545674970255 0.12045945040901274 0.06774833693238974
0 0.5472192508319931 0.525406579405181 0.09719565341775166 0.03979338888204225
0 0.4383285750335865 0.4956168809846578 0.11431856426490725 0.07102474025173762
0 0.4574059166012699 0.4829460909427016 0.06502299498543508 0.04858068614265136
0 0.4378921196100088 0.5106168809846579 0.10482776225908125 0.08776698556269437
0 0.35179910224391897 0.490324874845722 0.09482776225908125 0.08700923087365112
0 0.3210898621806051 0.516973138912852 0.10202341567683305 0.1199828275543031
0 0.19818895096367492 0.3042765902023504 0.09447366809167178 0.1605697922013902
0 0.13600186450300022 0.4268533990004801 0.1876417275269015 0.14767374241117154
0 0.0813283789920329 0.4371670061389359 0.1626567579840658 0.1381659877221283
0 0.06479409685957928 0.4952259978405661 0.12958819371915856 0.12454800431886781