0 0.16251081093510422 0.6943600833855703 0.1751131069408204 0.17971081852475435
0 0.24945180409512438 0.551118800741249 0.32492057526193674 0.26370093263827754
0 0.2412213897486214 0.7125301952995216 0.10556786416449228 0.1078790432324854
0 0.2553955831103228 0.6361188007412489 0.06625856614196365 0.060319014704104744
0 0.2760074427148285 0.6427667160359354 0.08213265129125759 0.07439557823309002
0 0.31151875340891055 0.6554037579486779 0.04558557881351717 0.030848310292873292
0 0.3498142873677875 0.6268245885380508 0.0973948768360458 0.07972214176207515
0 0.3932846383565232 0.6002198979510953 0.05698411505238738 0.051899352645530146
0 0.4075471137808002 0.2549627989815914 0.4346840481430397 0.4315799758707632
0 0.47454349568103565 0.555792418247595 0.07634597465689297 0.0626200570567616
0 0.5549456913227303 0.5171213188381766 0.1531901196123738 0.15010873381944095
0 0.5353653104309012 0.5072170232494081 0.0984174982242098 0.11209076146799304
0 0.5711745671503698 0.2900211213390832 0.24998170298587766 0.27443673469926977
0 0.7156409675537323 0.39320066928413483 0.2678490516946201 0.2105515799927474
0 0.8522891713069939 0.23151348472948854 0.22839978357518476 0.19647879087620254
0 0.8303396120050102 0.3137788511992946 0.07910820020168131 0.06663281764492573
0 0.8438011056692334 0.3262150482584737 0.0560837491121049 0.05676797235144804
0 0.9302084992326161 0.301393427672727 0.04474634059717573 0.05433554970470915
0 0.9602463612487054 0.30685892032067463 0.07950727750258921 0.10676419793900785
0 0.9662845557504035 0.20666373708577154 0.06743088849919303 0.11683177529226896