0 0.0625 0.46875 0.125 0.1225
0 0.205 0.55125 0.28125 0.1275
0 0.1225 0.41375 0.075 0.07375
0 0.17 0.47375 0.0525 0.035
0 0.185 0.4575 0.06625 0.0425
0 0.21 0.42875 0.04375 0.00875
0 0.25625 0.435 0.08375 0.04
0 0.30625 0.43625 0.045 0.03
0 0.48 0.7325 0.32 0.28375
0 0.3975 0.435 0.065 0.03125
0 0.485 0.42875 0.115 0.09625
0 0.4725 0.4475 0.0625 0.08375
0 0.605 0.62 0.165 0.2
0 0.68125 0.4575 0.23625 0.09625
0 0.875 0.53125 0.18875 0.10625
0 0.8175 0.47 0.06625 0.035
0 0.82375 0.4525 0.04 0.03875
0 0.91 0.43125 0.025 0.04375
0 0.935 0.41 0.04375 0.08875
0 0.9875 0.495 0.0225 0.11