0 0.06689159487165255 0.61120685045558 0.1337831897433051 0.15087248407381013
0 0.18897282378574956 0.5123100755986654 0.3028231702122224 0.1924002060316576
0 0.1279815350324161 0.6589610819691414 0.08825749103316674 0.09127349044428598
0 0.16580261497141616 0.5935724040399283 0.0585182925530556 0.04709899362952399
0 0.18299712720549952 0.607716662970653 0.07375104513661114 0.057972644141573826
0 0.21242979278308283 0.6338389639947525 0.045378222948277765 0.01887095153614922
0 0.2571393746219439 0.622048513426233 0.09125104513661114 0.05899190307229844
0 0.3061221272054995 0.6148878775903946 0.050872822188333375 0.040412168373499216
0 0.4336138509886942 0.3000020816867927 0.37279721154911144 0.3562588291265439
0 0.3970817090443606 0.605791182767362 0.07098919848011122 0.04657703572289876
0 0.484174914591444 0.6014760753163167 0.1326766547108889 0.12257163777109781
0 0.4689281375397218 0.5843160226995983 0.07843205547083343 0.09819105676958628
0 0.5740336247731663 0.39767676155126536 0.20273693313000024 0.2365030650753218
0 0.673740071202194 0.5505581088216074 0.2519212539509445 0.15073803765815838
0 0.8543380674024719 0.45468270865219823 0.20695034802388904 0.14936708612200902
0 0.8070837993175829 0.5220253550113801 0.07232648069894423 0.05039983993223629
0 0.8154555763693051 0.5387849844767425 0.04729738662599999 0.04769375574548675
0 0.9040746530410552 0.5495790833397035 0.03360557477188905 0.049392909442774455
0 0.9318068830563051 0.5680921780497968 0.06096114954377782 0.09842179783886153
0 0.9702243914906663 0.4770785001205837 0.04261846656500012 0.11482973469879937