0 0.08235294007647059 0.3096885803048789 0.07058823529400765 0.23875432525950557
0 0.075 0.2680660899653979 0.08529400764705883 0.3356400384083045
0 0.2838235294007647 0.24740484429065743 0.09007647058823529 0.370242204532872
0 0.3940076470588235 0.35020007266435986 0.07647058823529402 0.0695500730003806
0 0.4970588235294008 0.05570934256055363 0.0400764705882353 0.00380622837370242
0 0.6852940076470588 0.25432525950557095 0.02352940076470589 0.4740484429065744
0 0.9 0.2577854670280277 0.02352940076470589 0.4670280276806609
0 0.8400764705882353 0.7889273356400384 0.00076470588235295 0.2975778546702803
0 0.3985294007647059 0.7906574394463668 0.00882352940076470 0.304878892733564
0 0.25440076470588234 0.7906574394463668 0.02058823529400765 0.304878892733564
0 0.0060764705882353 0.7906574394463668 0.00470588235294007 0.304878892733564