0 0.8181818181818182 0.0414414414414410 0.16161616161616163 0.7220220220220220
0 0.0208838383838383 0.0670670670670670 0.10020202020202020 0.7279279279279279
0 0.6320707070707076 0.0927927927927928 0.17676767676767677 0.7279279279279279
0 0.730479797979798 0.6126126126126126 0.11994949494949494 0.6270270270270271
0 0.18118686868686867 0.6103103103103104 0.10227272727272728 0.0927927927927928
0 0.2746212121212121 0.6162162162162163 0.1301010101010101 0.6162162162162163
0 0.09104040404040400 0.6198198198198198 0.13000000000000006 0.6126126126126126
0 0.42613636363636360 0.6202202202202203 0.13207070707070707 0.6234234234234234
0 0.0000000000000001 0.6310310310310310 0.11868686868686869 0.0800800800800806
0 0.9090909090909091 0.6423423423423423 0.13636363636363630 0.063963963963964
0 0.33207070707070707 0.6881801801801801 0.1388888888888889 0.0207207207207207