0 0.7057846153846153 0.15706806080700513 0.00439030769030767 0.1406178010471004
0 0.3541690307690308 0.34554973801989506 0.18476903076903077 0.3051603036649015
0 0.1880030769030769 0.39117077486910995 0.30533076903076904 0.08870157068060804
0 0.9080690307690307 0.3971603036649015 0.09970769030769030 0.3704710041884817
0 0.5088615384615385 0.410869109947644 0.11187690307690307 0.30610471004188485
0 0.8118076903076900 0.40334031413610566 0.09585384615384615 0.34704710041884817
0 0.705 0.5003769633507854 0.08704615384615384 0.30161056544500614
0 0.05911538461538464 0.5684397905759160 0.10033846153846153 0.33008376963350783
0 0.38383076903076905 0.5833906701570681 0.15400769030769030 0.31713089005035606
0 0.9304153846153845 0.6067748691099477 0.13916903076903077 0.01041884816753908
0 0.49864615384615385 0.6370460730984094 0.1019903076903077 0.360
0 0.6610846153846154 0.7195183046073098 0.0364690307690308 0.1854869109947644
0 0.4173307690307690 0.7359790575916031 0.16573846153846156 0.3081570680608070
0 0.1034 0.747193717077487 0.0394153846153846 0.1600608070051309
0 0.7936846153846153 0.8100617801047101 0.0485846153846154 0.14659685863874344
0 0.5381903076903076 0.8444093193717077 0.00704615384615385 0.133130890050356
0 0.7156461538461538 0.1009738019895088 0.00830769030769030 0.0019476439790576
0 0.5050307690307690 0.10171707748691099 0.0448307690307690 0.18848167539067016