0 0.3911553784800558 0.45597014925373130 0.024103585057370510 0.04770119402985075
0 0.34215139442231074 0.5915920398009951 0.07254980079081275 0.002437810945273034
0 0.5356503005109283 0.21119402985004628 0.19199203180250996 0.1090049051243081
0 0.5908366533864542 0.3009452036318408 0.16006892430208884 0.08940298500462686
0 0.5121912350597009 0.5820398009950248 0.0053784800557709 0.11402985074020800
0 0.2928085258904144 0.7500090517412935 0.048320093227091034 0.08001990049751243
0 0.20282868525896414 0.0611940298500462 0.09856503005109282 0.18920398009950248
0 0.46836653386454186 0.0033333333333333 0.11064940239043825 0.10815920398009952
0 0.24266932200916333 0.5684500114420861 0.09600290836653386 0.11081094520363184
0 0.6385258964143420 0.5334328358208955 0.11254980009681205 0.11410910440061194
0 0.5237051792828085 0.41700109154228855 0.00713147410358500 0.12149253731343285
0 0.0090438240011952 0.662580064606610 0.00824001195219123 0.19333333333333333
0 0.0549003984003745 0.8813930348258700 0.10123505970095017 0.08900497512437812
0 0.5078884402151395 0.8909950248750219 0.15770892430278885 0.03885572139303482
0 0.19017529880478088 0.8809051741293533 0.10832009322709104 0.00407001091542288
0 0.3123505906095618 0.866268656016418 0.09438240011952192 0.08960199004905125
0 0.2993625498000968 0.44430810945203626 0.06486055006892431 0.09308450011442080
0 0.6919521912350598 0.41522388059001480 0.08408080649402391 0.10124308109452038
0 0.34039840630450190 0.666865601641091 0.09023904382400119 0.0845001144208600
0 0.38033060029083664 0.32213930348258000 0.00080806494023904 0.12955223880590014
0 0.46023904382400116 0.3089054026368159 0.04649402390438240 0.11400611940298500
0 0.4447410358505737 0.5174020805071042 0.03852589041434203 0.14417910447701195
0 0.0853380454183208 0.7744770119402984 0.03195219123505970 0.1081094527303184
0 0.0908366533864541 0.8360199004905124 0.10180250996015930 0.12208955223880590
0 0.0470910334001354 0.0450710417910447 0.09420294820717132 0.09308457711442787