0 0.3705341033653846 0.08416481490384616 0.19724691105769232 0.8640737764423078 0.19689319711538464 0.948490454326923 0.23090027403846153 0.8871610264423077 0.4030270240384616 0.08689693990384616 0.3705341033653846 0.08416481490384616
0 0.39425832932692306 0.08747817548076922 0.22307918990384618 0.8708008004807692 0.22225167307692306 0.9636882067307693 0.2580921466346154 0.8942421057692307 0.4338547860576923 0.0906277860576923 0.39425832932692306 0.08747817548076922
0 0.42736238221153844 0.08750474038461539 0.24710898317307692 0.8727613822115384 0.24822127884615386 0.97618040625 0.2822592692307692 0.9019678533653847 0.46029819951923073 0.09464925480769232 0.42736238221153844 0.08750474038461539
0 0.45350023076923074 0.09287898557692308 0.27277302403846154 0.8866063533653846 0.2741908846153846 0.9886726009615384 0.30506679326923075 0.9093395480769231 0.4881012043269231 0.0990247764423077 0.45350023076923074 0.09287898557692308
0 0.30331234375 1 0.33827726442307693 0.9280144110576922 0.5208996971153846 0.10040411778846153 0.4832739663461538 0.09490299999999999 0.2961607716346154 0.9041556153846154 0.30035908653846155 1 0.30331234375 1
0 0.3302957932692308 1 0.3633610841346154 0.9316818221153846 0.5490082692307692 0.10342685817307692 0.514712858173077 0.09592829086538461 0.32790523317307696 0.9038281274038462 0.3282538894230769 1 0.3302957932692308 1
0 0.3630083533653846 1 0.39024738942307696 0.9401156778846154 0.57575725 0.10609554807692308 0.5402395721153846 0.10400809615384615 0.3588703197115385 0.9133241466346154 0.3587989014423077 1 0.3630083533653846 1
0 0.39729891105769227 1 0.4166598942307692 0.9570202692307692 0.6106637908653846 0.11088855528846153 0.5706244423076924 0.10332655288461538 0.38150961057692306 0.9278137908653845 0.3839626995192308 1 0.39729891105769227 1
0 0.4309674807692308 1 0.4508179735576923 0.9587536634615385 0.6389096923076922 0.11967646875000001 0.5978163149038461 0.11040762980769231 0.4108095384615385 0.9383085360576923 0.41206931009615383 1 0.4309674807692308 1
0 0.4656856754807693 1 0.47692491105769236 0.9770110336538462 0.6662698052884616 0.11963960096153846 0.6303092379807692 0.11313975480769231 0.4378331706730769 0.9525075649038462 0.43997070192307697 1 0.4656856754807693 1
0 0.5016241947115385 1 0.5050025721153847 0.9929168966346154 0.6974031370192308 0.12201766826923076 0.6600829735576923 0.11516377163461539 0.4675759951923077 0.9674147043269231 0.46731153125 1 0.5016241947115385 1
0 0.5469133677884616 1 0.5486778100961538 0.9971286682692307 0.7492359326923077 0.12835376923076922 0.6934925913461538 0.11383755769230769 0.49385116826923076 0.9785541201923077 0.49486875721153845 1 0.5469133677884616 1